0 5
1 5
2 0
3 5
4 5
5 5
6 5
7 5
8 5
9 5
10 5
11 5
12 5
13 5
14 5
15 0
16 5
17 4
18 5
19 5
20 5
21 5
22 5
23 5
24 5
25 5
26 5
27 5
28 5
29 5
30 5
31 5
32 5
33 5
34 5
35 5
36 5
37 5
38 5
39 5
40 5
41 5
42 5
43 5
44 5
45 5
46 5
47 5
48 5
49 5
50 5
51 5
52 5
53 5
54 5
55 2
56 5
57 5
58 5
59 5
60 5
61 0
62 5
63 5
64 5
65 5
66 6
67 2
68 5
69 5
70 5
71 5
72 5
73 5
74 5
75 0
76 5
77 5
78 5
79 5
80 5
81 5
82 5
83 4
84 2
85 5
86 5
87 5
88 5
89 5
90 5
91 5
92 5
93 5
94 5
95 5
96 5
97 5
98 5
99 5
100 5
101 5
102 5
103 5
104 0
105 5
106 5
107 5
108 5
109 5
110 5
111 5
112 5
113 5
114 5
115 5
116 5
117 5
118 5
119 5
120 5
121 5
122 5
123 5
124 5
125 5
126 5
127 5
128 5
129 5
130 5
131 5
132 5
133 5
134 5
135 5
136 5
137 5
138 5
139 5
140 5
141 5
142 5
143 5
144 5
145 5
146 5
147 5
148 5
149 5
150 5
151 5
152 5
153 5
154 5
155 5
156 5
157 5
158 6
159 5
160 5
161 5
162 2
163 5
164 5
165 5
166 5
167 5
168 5
169 5
170 2
171 2
172 2
173 2
174 2
175 2
176 2
177 2
178 2
179 2
180 2
181 0
182 2
183 2
184 2
185 2
186 2
187 2
188 3
189 2
190 2
191 2
192 2
193 2
194 2
195 2
196 2
197 2
198 2
199 2
200 2
201 2
202 2
203 2
204 2
205 2
206 2
207 2
208 2
209 2
210 2
211 2
212 2
213 2
214 3
215 3
216 2
217 3
218 2
219 2
220 2
221 2
222 2
223 2
224 2
225 2
226 2
227 2
228 2
229 2
230 2
231 1
232 0
233 6
234 6
235 0
236 6
237 6
238 3
239 3
240 3
241 3
242 3
243 3
244 6
245 2
246 2
247 2
248 2
249 2
250 0
251 6
252 5
253 2
254 4
255 0
256 0
257 4
258 6
259 5
260 2
261 2
262 2
263 2
264 5
265 0
266 0
267 0
268 0
269 0
270 0
271 0
272 0
273 0
274 0
275 0
276 0
277 0
278 0
279 0
280 0
281 0
282 0
283 0
284 0
285 0
286 0
287 3
288 0
289 0
290 0
291 0
292 0
293 0
294 0
295 0
296 0
297 0
298 0
299 0
300 0
301 5
302 0
303 0
304 0
305 0
306 0
307 0
308 0
309 6
310 6
311 6
312 6
313 6
314 6
315 6
316 6
317 6
318 6
319 6
320 6
321 6
322 6
323 6
324 5
325 5
326 5
327 5
328 5
329 5
330 5
331 2
332 5
333 0
334 0
335 4
336 0
337 2
338 4
339 4
340 4
341 4
342 4
343 6
344 4
345 0
346 6
347 4
348 4
349 4
350 4
351 4
352 1
353 4
354 0
355 1
356 6
357 4
358 4
359 5
360 1
361 1
362 4
363 0
364 1
365 4
366 4
367 1
368 1
369 4
370 1
371 1
372 6
373 0
374 0
375 0
376 2
377 0
378 0
379 0
380 0
381 0
382 0
383 4
384 0
385 2
386 0
387 0
388 0
389 0
390 0
391 0
392 0
393 2
394 0
395 0
396 0
397 0
398 0
399 0
400 0
401 0
402 4
403 0
404 0
405 0
406 0
407 0
408 0
409 0
410 0
411 2
412 0
413 0
414 0
415 0
416 0
417 0
418 0
419 0
420 0
421 0
422 0
423 2
424 0
425 0
426 0
427 0
428 0
429 0
430 0
431 0
432 0
433 0
434 0
435 0
436 0
437 0
438 0
439 0
440 0
441 0
442 6
443 6
444 6
445 6
446 6
447 6
448 6
449 6
450 1
451 6
452 6
453 6
454 6
455 6
456 6
457 6
458 5
459 5
460 5
461 5
462 5
463 3
464 3
465 3
466 3
467 4
468 0
469 1
470 0
471 5
472 5
473 3
474 3
475 6
476 6
477 6
478 6
479 6
480 6
481 6
482 6
483 6
484 6
485 6
486 6
487 6
488 6
489 6
490 1
491 1
492 1
493 1
494 6
495 6
496 6
497 6
498 6
499 6
500 6
501 3
502 4
503 4
504 0
505 3
506 3
507 3
508 3
509 4
510 3
511 4
512 3
513 6
514 3
515 4
516 4
517 4
518 4
519 4
520 6
521 6
522 4
523 4
524 1
525 1
526 1
527 1
528 1
529 1
530 1
531 1
532 1
533 1
534 1
535 1
536 1
537 1
538 1
539 1
540 1
541 1
542 1
543 4
544 1
545 1
546 1
547 4
548 4
549 4
550 4
551 4
552 4
553 4
554 4
555 4
556 4
557 0
558 4
559 4
560 4
561 4
562 4
563 4
564 4
565 4
566 0
567 4
568 0
569 4
570 4
571 4
572 4
573 4
574 4
575 0
576 0
577 0
578 0
579 3
580 0
581 0
582 0
583 0
584 0
585 0
586 3
587 0
588 0
589 0
590 0
591 0
592 0
593 0
594 0
595 0
596 0
597 0
598 0
599 0
600 0
601 0
602 0
603 0
604 0
605 0
606 0
607 0
608 0
609 0
610 0
611 0
612 0
613 0
614 0
615 0
616 0
617 0
618 0
619 0
620 0
621 0
622 0
623 0
624 0
625 0
626 0
627 0
628 0
629 6
630 6
631 6
632 6
633 6
634 6
635 0
636 0
637 6
638 6
639 6
640 6
641 6
642 6
643 6
644 6
645 6
646 6
647 6
648 6
649 6
650 3
651 3
652 3
653 3
654 3
655 3
656 0
657 3
658 3
659 3
660 3
661 3
662 3
663 3
664 3
665 3
666 3
667 3
668 4
669 3
670 1
671 4
672 1
673 1
674 6
675 4
676 4
677 4
678 1
679 1
680 6
681 6
682 1
683 1
684 6
685 1
686 0
687 0
688 6
689 6
690 0
691 6
692 6
693 6
694 6
695 4
696 6
697 6
698 6
699 6
700 6
701 4
702 6
703 6
704 4
705 3
706 3
707 3
708 3
709 4
710 0
711 0
712 0
713 0
714 5
715 0
716 0
717 5
718 2
719 0
720 0
721 0
722 0
723 0
724 0
725 0
726 0
727 0
728 0
729 2
730 0
731 0
732 3
733 0
734 0
735 0
736 6
737 0
738 0
739 0
740 2
741 3
742 3
743 0
744 0
745 0
746 3
747 2
748 0
749 5
750 0
751 0
752 5
753 0
754 0
755 0
756 4
757 4
758 6
759 6
760 0
761 6
762 0
763 1
764 4
765 1
766 0
767 4
768 0
769 3
770 0
771 4
772 6
773 6
774 4
775 4
776 1
777 4
778 6
779 4
780 4
781 6
782 3
783 4
784 4
785 4
786 4
787 3
788 4
789 1
790 4
791 6
792 6
793 4
794 4
795 6
796 2
797 0
798 0
799 4
800 0
801 6
802 6
803 6
804 1
805 6
806 4
807 3
808 3
809 0
810 0
811 0
812 3
813 3
814 3
815 0
816 0
817 3
818 0
819 0
820 0
821 0
822 3
823 0
824 0
825 0
826 0
827 2
828 0
829 3
830 0
831 0
832 0
833 0
834 0
835 0
836 3
837 3
838 3
839 3
840 0
841 3
842 4
843 3
844 4
845 3
846 3
847 4
848 2
849 2
850 2
851 0
852 2
853 4
854 2
855 2
856 2
857 4
858 4
859 1
860 1
861 1
862 1
863 1
864 1
865 1
866 1
867 4
868 4
869 4
870 4
871 0
872 4
873 3
874 4
875 4
876 4
877 4
878 4
879 4
880 4
881 4
882 4
883 6
884 6
885 6
886 6
887 6
888 6
889 6
890 3
891 3
892 3
893 3
894 3
895 4
896 0
897 0
898 0
899 0
900 0
901 0
902 0
903 0
904 0
905 0
906 0
907 6
908 6
909 6
910 6
911 4
912 4
913 4
914 5
915 4
916 4
917 4
918 4
919 0
920 0
921 0
922 0
923 0
924 2
925 2
926 0
927 2
928 2
929 2
930 2
931 5
932 2
933 2
934 2
935 2
936 0
937 2
938 0
939 2
940 2
941 2
942 2
943 6
944 2
945 2
946 2
947 0
948 5
949 2
950 2
951 2
952 2
953 2
954 2
955 2
956 2
957 2
958 2
959 2
960 2
961 2
962 2
963 2
964 2
965 2
966 2
967 4
968 2
969 0
970 2
971 2
972 2
973 0
974 2
975 2
976 6
977 2
978 2
979 2
980 2
981 2
982 4
983 4
984 3
985 4
986 4
987 4
988 4
989 6
990 6
991 6
992 6
993 6
994 6
995 6
996 6
997 6
998 6
999 6
1000 4
1001 6
1002 0
1003 6
1004 6
1005 0
1006 2
1007 2
1008 2
1009 2
1010 2
1011 4
1012 0
1013 1
1014 1
1015 1
1016 4
1017 6
1018 4
1019 4
1020 1
1021 1
1022 5
1023 6
1024 6
1025 0
1026 0
1027 0
1028 0
1029 4
1030 0
1031 0
1032 0
1033 0
1034 3
1035 3
1036 3
1037 0
1038 3
1039 3
1040 3
1041 3
1042 3
1043 3
1044 3
1045 3
1046 3
1047 3
1048 3
1049 0
1050 0
1051 0
1052 0
1053 3
1054 0
1055 0
1056 0
1057 0
1058 0
1059 3
1060 0
1061 0
1062 3
1063 3
1064 3
1065 3
1066 3
1067 1
1068 1
1069 1
1070 1
1071 4
1072 4
1073 1
1074 4
1075 4
1076 1
1077 1
1078 1
1079 1
1080 1
1081 4
1082 4
1083 2
1084 0
1085 4
1086 4
1087 0
1088 0
1089 0
1090 0
1091 0
1092 2
1093 2
1094 2
1095 2
1096 0
1097 0
1098 0
1099 0
1100 0
1101 0
1102 0
1103 0
1104 0
1105 0
1106 4
1107 4
1108 4
1109 1
1110 4
1111 1
1112 0
1113 4
1114 3
1115 1
1116 1
1117 1
1118 0
1119 4
1120 1
1121 1
1122 6
1123 4
1124 0
1125 0
1126 0
1127 0
1128 0
1129 0
1130 0
1131 1
1132 4
1133 1
1134 4
1135 6
1136 3
1137 3
1138 1
1139 6
1140 4
1141 6
1142 6
1143 5
1144 5
1145 5
1146 5
1147 2
1148 5
1149 2
1150 5
1151 5
1152 5
1153 5
1154 5
1155 5
1156 2
1157 4
1158 4
1159 4
1160 4
1161 3
1162 3
1163 3
1164 5
1165 0
1166 0
1167 0
1168 4
1169 4
1170 4
1171 3
1172 4
1173 6
1174 0
1175 6
1176 4
1177 4
1178 4
1179 4
1180 4
1181 4
1182 4
1183 4
1184 4
1185 4
1186 4
1187 6
1188 6
1189 6
1190 6
1191 6
1192 6
1193 6
1194 6
1195 6
1196 6
1197 6
1198 6
1199 0
1200 0
1201 4
1202 0
1203 0
1204 0
1205 0
1206 0
1207 0
1208 0
1209 0
1210 6
1211 0
1212 2
1213 6
1214 6
1215 4
1216 6
1217 1
1218 0
1219 0
1220 4
1221 4
1222 1
1223 4
1224 1
1225 6
1226 4
1227 4
1228 4
1229 4
1230 4
1231 4
1232 4
1233 4
1234 4
1235 4
1236 4
1237 4
1238 4
1239 4
1240 4
1241 4
1242 4
1243 4
1244 4
1245 4
1246 4
1247 4
1248 3
1249 4
1250 4
1251 4
1252 4
1253 4
1254 4
1255 4
1256 4
1257 4
1258 4
1259 4
1260 4
1261 4
1262 0
1263 0
1264 0
1265 0
1266 0
1267 0
1268 0
1269 0
1270 0
1271 0
1272 0
1273 4
1274 4
1275 4
1276 4
1277 4
1278 0
1279 2
1280 5
1281 5
1282 5
1283 5
1284 5
1285 5
1286 5
1287 5
1288 5
1289 6
1290 5
1291 0
1292 0
1293 2
1294 2
1295 2
1296 2
1297 0
1298 0
1299 2
1300 4
1301 0
1302 2
1303 3
1304 0
1305 0
1306 0
1307 0
1308 0
1309 0
1310 0
1311 0
1312 0
1313 1
1314 1
1315 2
1316 2
1317 2
1318 4
1319 4
1320 5
1321 5
1322 5
1323 5
1324 5
1325 0
1326 0
1327 3
1328 3
1329 6
1330 6
1331 6
1332 6
1333 1
1334 6
1335 6
1336 1
1337 6
1338 0
1339 4
1340 4
1341 0
1342 0
1343 0
1344 4
1345 4
1346 4
1347 4
1348 4
1349 4
1350 4
1351 5
1352 6
1353 6
1354 6
1355 6
1356 6
1357 3
1358 3
1359 3
1360 3
1361 3
1362 3
1363 3
1364 3
1365 3
1366 3
1367 0
1368 0
1369 0
1370 0
1371 0
1372 0
1373 0
1374 0
1375 0
1376 4
1377 0
1378 0
1379 0
1380 0
1381 0
1382 0
1383 3
1384 3
1385 3
1386 3
1387 3
1388 3
1389 3
1390 3
1391 3
1392 3
1393 3
1394 3
1395 3
1396 3
1397 3
1398 2
1399 3
1400 2
1401 2
1402 3
1403 3
1404 0
1405 5
1406 2
1407 5
1408 5
1409 6
1410 2
1411 0
1412 0
1413 0
1414 0
1415 0
1416 1
1417 3
1418 3
1419 3
1420 3
1421 3
1422 3
1423 3
1424 3
1425 3
1426 3
1427 3
1428 3
1429 3
1430 3
1431 4
1432 3
1433 3
1434 4
1435 3
1436 3
1437 3
1438 6
1439 2
1440 2
1441 2
1442 2
1443 5
1444 5
1445 5
1446 4
1447 4
1448 4
1449 4
1450 4
1451 0
1452 0
1453 0
1454 0
1455 5
1456 0
1457 0
1458 0
1459 0
1460 0
1461 0
1462 0
1463 4
1464 6
1465 6
1466 6
1467 6
1468 6
1469 6
1470 6
1471 6
1472 6
1473 6
1474 6
1475 6
1476 6
1477 6
1478 6
1479 6
1480 6
1481 6
1482 6
1483 4
1484 6
1485 6
1486 6
1487 6
1488 6
1489 0
1490 0
1491 4
1492 0
1493 4
1494 4
1495 4
1496 1
1497 1
1498 3
1499 3
1500 3
1501 3
1502 3
1503 3
1504 4
1505 5
1506 5
1507 5
1508 5
1509 5
1510 5
1511 5
1512 5
1513 5
1514 6
1515 6
1516 6
1517 4
1518 4
1519 6
1520 6
1521 4
1522 0
1523 0
1524 0
1525 6
1526 6
1527 6
1528 6
1529 4
1530 6
1531 6
1532 3
1533 3
1534 3
1535 3
1536 3
1537 3
1538 3
1539 3
1540 4
1541 3
1542 3
1543 0
1544 1
1545 4
1546 4
1547 3
1548 4
1549 3
1550 0
1551 0
1552 0
1553 3
1554 3
1555 3
1556 2
1557 4
1558 0
1559 0
1560 0
1561 0
1562 0
1563 0
1564 0
1565 0
1566 0
1567 4
1568 0
1569 0
1570 3
1571 3
1572 0
1573 0
1574 0
1575 0
1576 3
1577 0
1578 0
1579 5
1580 0
1581 0
1582 3
1583 4
1584 6
1585 0
1586 0
1587 0
1588 0
1589 4
1590 4
1591 4
1592 4
1593 4
1594 4
1595 4
1596 0
1597 5
1598 0
1599 0
1600 0
1601 0
1602 1
1603 0
1604 0
1605 0
1606 0
1607 2
1608 2
1609 0
1610 0
1611 4
1612 4
1613 2
1614 3
1615 2
1616 6
1617 6
1618 2
1619 0
1620 5
1621 5
1622 2
1623 2
1624 2
1625 2
1626 2
1627 2
1628 2
1629 2
1630 2
1631 2
1632 2
1633 4
1634 0
1635 2
1636 2
1637 4
1638 4
1639 4
1640 5
1641 5
1642 3
1643 3
1644 3
1645 6
1646 0
1647 0
1648 0
1649 0
1650 0
1651 0
1652 0
1653 3
1654 0
1655 6
1656 0
1657 4
1658 4
1659 0
1660 0
1661 0
1662 0
1663 0
1664 4
1665 0
1666 0
1667 0
1668 0
1669 0
1670 0
1671 3
1672 3
1673 3
1674 3
1675 3
1676 3
1677 3
1678 3
1679 3
1680 3
1681 3
1682 0
1683 0
1684 3
1685 4
1686 3
1687 0
1688 0
1689 0
1690 0
1691 0
1692 5
1693 0
1694 4
1695 4
1696 4
1697 0
1698 3
1699 3
1700 6
1701 4
1702 4
1703 0
1704 0
1705 0
1706 0
1707 0
1708 0
1709 0
1710 5
1711 5
1712 0
1713 0
1714 0
1715 0
1716 0
1717 0
1718 0
1719 0
1720 0
1721 0
1722 0
1723 0
1724 0
1725 5
1726 5
1727 0
1728 0
1729 0
1730 6
1731 6
1732 3
1733 3
1734 3
1735 3
1736 5
1737 0
1738 0
1739 0
1740 2
1741 2
1742 4
1743 3
1744 3
1745 3
1746 0
1747 3
1748 3
1749 4
1750 4
1751 3
1752 3
1753 3
1754 3
1755 3
1756 3
1757 3
1758 6
1759 4
1760 4
1761 3
1762 5
1763 5
1764 5
1765 5
1766 5
1767 5
1768 5
1769 5
1770 5
1771 3
1772 3
1773 3
1774 3
1775 3
1776 3
1777 6
1778 1
1779 1
1780 1
1781 1
1782 1
1783 1
1784 1
1785 1
1786 1
1787 0
1788 0
1789 3
1790 3
1791 3
1792 3
1793 3
1794 3
1795 3
1796 3
1797 3
1798 3
1799 0
1800 2
1801 0
1802 4
1803 3
1804 0
1805 0
1806 6
1807 6
1808 4
1809 5
1810 5
1811 5
1812 0
1813 0
1814 0
1815 4
1816 4
1817 5
1818 0
1819 0
1820 0
1821 1
1822 1
1823 5
1824 0
1825 0
1826 5
1827 3
1828 3
1829 4
1830 0
1831 4
1832 4
1833 0
1834 0
1835 2
1836 0
1837 5
1838 5
1839 1
1840 4
1841 4
1842 1
1843 4
1844 4
1845 4
1846 4
1847 0
1848 0
1849 0
1850 6
1851 6
1852 0
1853 2
1854 2
1855 5
1856 5
1857 5
1858 5
1859 0
1860 0
1861 3
1862 0
1863 0
1864 0
1865 0
1866 3
1867 3
1868 3
1869 3
1870 0
1871 0
1872 3
1873 4
1874 5
1875 5
1876 5
1877 5
1878 5
1879 5
1880 5
1881 5
1882 5
1883 5
1884 5
1885 5
1886 5
1887 5
1888 5
1889 5
1890 5
1891 5
1892 5
1893 4
1894 6
1895 6
1896 5
1897 6
1898 6
1899 2
1900 5
1901 5
1902 4
1903 0
1904 6
1905 5
1906 5
1907 5
1908 0
1909 0
1910 5
1911 5
1912 5
1913 4
1914 5
1915 0
1916 0
1917 5
1918 5
1919 1
1920 1
1921 1
1922 5
1923 0
1924 5
1925 5
1926 5
1927 5
1928 0
1929 6
1930 3
1931 0
1932 0
1933 1
1934 6
1935 1
1936 6
1937 4
1938 3
1939 3
1940 3
1941 3
1942 3
1943 3
1944 3
1945 3
1946 4
1947 5
1948 5
1949 1
1950 1
1951 4
1952 0
1953 4
1954 4
1955 4
1956 4
1957 0
1958 0
1959 5
1960 5
1961 2
1962 0
1963 4
1964 3
1965 3
1966 3
1967 3
1968 6
1969 6
1970 0
1971 0
1972 0
1973 0
1974 6
1975 2
1976 5
1977 5
1978 0
1979 3
1980 0
1981 0
1982 0
1983 2
1984 1
1985 3
1986 3
1987 3
1988 3
1989 3
1990 6
1991 6
1992 0
1993 3
1994 3
1995 0
1996 6
1997 6
1998 6
1999 0
2000 0
2001 0
2002 2
2003 2
2004 1
2005 1
2006 0
2007 0
2008 4
2009 4
2010 3
2011 3
2012 3
2013 3
2014 0
2015 5
2016 0
2017 0
2018 0
2019 3
2020 3
2021 3
2022 0
2023 0
2024 6
2025 6
2026 5
2027 5
2028 5
2029 5
2030 5
2031 0
2032 0
2033 4
2034 5
2035 4
2036 0
2037 0
2038 5
2039 0
2040 4
2041 2
2042 0
2043 3
2044 6
2045 6
2046 3
2047 0
2048 4
2049 4
2050 3
2051 3
2052 3
2053 4
2054 0
2055 0
2056 0
2057 0
2058 0
2059 4
2060 0
2061 5
2062 5
2063 5
2064 6
2065 2
2066 2
2067 2
2068 6
2069 6
2070 5
2071 5
2072 5
2073 0
2074 0
2075 6
2076 6
2077 4
2078 5
2079 0
2080 0
2081 5
2082 5
2083 6
2084 6
2085 3
2086 3
2087 3
2088 0
2089 0
2090 3
2091 0
2092 5
2093 5
2094 3
2095 3
2096 3
2097 3
2098 3
2099 5
2100 6
2101 6
2102 6
2103 4
2104 5
2105 6
2106 6
2107 0
2108 0
2109 2
2110 0
2111 4
2112 5
2113 0
2114 0
2115 0
2116 0
2117 0
2118 3
2119 3
2120 3
2121 3
2122 3
2123 3
2124 3
2125 3
2126 0
2127 0
2128 0
2129 4
2130 4
2131 6
2132 6
2133 0
2134 0
2135 0
2136 0
2137 4
2138 0
2139 0
2140 2
2141 5
2142 5
2143 5
2144 5
2145 3
2146 3
2147 3
2148 0
2149 0
2150 6
2151 4
2152 1
2153 1
2154 4
2155 3
2156 3
2157 0
2158 0
2159 4
2160 0
2161 0
2162 5
2163 5
2164 0
2165 6
2166 3
2167 5
2168 0
2169 5
2170 5
2171 5
2172 2
2173 0
2174 0
2175 5
2176 5
2177 0
2178 4
2179 5
2180 3
2181 3
2182 3
2183 3
2184 3
2185 3
2186 3
2187 3
2188 0
2189 4
2190 1
2191 1
2192 3
2193 0
2194 0
2195 0
2196 1
2197 1
2198 0
2199 0
2200 0
2201 0
2202 0
2203 0
2204 0
2205 0
2206 4
2207 6
2208 4
2209 2
2210 0
2211 6
2212 0
2213 4
2214 4
2215 5
2216 0
2217 0
2218 4
2219 6
2220 5
2221 5
2222 5
2223 0
2224 0
2225 0
2226 0
2227 0
2228 2
2229 5
2230 5
2231 3
2232 3
2233 3
2234 3
2235 3
2236 3
2237 0
2238 0
2239 0
2240 0
2241 0
2242 0
2243 0
2244 0
2245 0
2246 2
2247 5
2248 6
2249 0
2250 0
2251 3
2252 3
2253 3
2254 0
2255 0
2256 0
2257 0
2258 0
2259 0
2260 0
2261 0
2262 5
2263 5
2264 5
2265 0
2266 1
2267 4
2268 4
2269 2
2270 0
2271 6
2272 5
2273 0
2274 0
2275 5
2276 0
2277 0
2278 0
2279 0
2280 0
2281 0
2282 0
2283 0
2284 4
2285 0
2286 0
2287 2
2288 5
2289 5
2290 6
2291 3
2292 0
2293 0
2294 0
2295 6
2296 0
2297 5
2298 5
2299 5
2300 5
2301 1
2302 0
2303 0
2304 0
2305 0
2306 0
2307 4
2308 0
2309 0
2310 0
2311 0
2312 5
2313 5
2314 0
2315 5
2316 5
2317 3
2318 5
2319 5
2320 5
2321 5
2322 3
2323 1
2324 2
2325 0
2326 0
2327 6
2328 3
2329 3
2330 4
2331 0
2332 5
2333 6
2334 0
2335 3
2336 0
2337 4
2338 0
2339 3
2340 3
2341 1
2342 5
2343 0
2344 5
2345 5
2346 5
2347 5
2348 5
2349 5
2350 5
2351 3
2352 1
2353 6
2354 6
2355 3
2356 3
2357 3
2358 0
2359 3
2360 3
2361 3
2362 3
2363 0
2364 0
2365 3
2366 3
2367 3
2368 1
2369 0
2370 4
2371 4
2372 5
2373 5
2374 5
2375 5
2376 5
2377 0
2378 5
2379 5
2380 5
2381 5
2382 5
2383 5
2384 5
2385 4
2386 0
2387 5
2388 5
2389 5
2390 5
2391 5
2392 5
2393 5
2394 5
2395 5
2396 5
2397 5
2398 5
2399 5
2400 5
2401 0
2402 0
2403 3
2404 0
2405 0
2406 3
2407 3
2408 3
2409 3
2410 3
2411 3
2412 3
2413 3
2414 3
2415 3
2416 3
2417 3
2418 3
2419 3
2420 3
2421 3
2422 3
2423 3
2424 3
2425 3
2426 3
2427 3
2428 3
2429 3
2430 3
2431 3
2432 3
2433 0
2434 0
2435 3
2436 3
2437 3
2438 3
2439 3
2440 3
2441 3
2442 3
2443 3
2444 3
2445 3
2446 5
2447 5
2448 5
2449 5
2450 5
2451 5
2452 6
2453 0
2454 0
2455 0
2456 0
2457 0
2458 0
2459 3
2460 3
2461 0
2462 0
2463 0
2464 0
2465 0
2466 0
2467 0
2468 0
2469 4
2470 4
2471 4
2472 4
2473 4
2474 0
2475 0
2476 0
2477 0
2478 0
2479 0
2480 0
2481 0
2482 0
2483 0
2484 0
